start=1349.416667
volume=102.000000
fullscreen=yes
