start=1403.110020
fullscreen=yes
sub-delay=-0.500000
