start=1386.176442
volume=122.000000
fullscreen=yes
